3.2410870e-04
4.0989398e-04
3.4406089e-04
1.3815155e-04
-1.4694847e-04
-4.1338790e-04
-5.5368454e-04
-4.8861699e-04
-2.0460691e-04
2.2511101e-04
6.4992072e-04
8.8707084e-04
7.9283142e-04
3.3450217e-04
-3.6923742e-04
-1.0659592e-03
-1.4510404e-03
-1.2908933e-03
-5.4134335e-04
5.9334218e-04
1.6997101e-03
2.2949551e-03
2.0247079e-03
8.4199593e-04
-9.1527175e-04
-2.6008307e-03
-3.4843436e-03
-3.0511310e-03
-1.2598585e-03
1.3603542e-03
3.8414348e-03
5.1166001e-03
4.4566584e-03
1.8313687e-03
-1.9689647e-03
-5.5391979e-03
-7.3544169e-03
-6.3892105e-03
-2.6203310e-03
2.8135101e-03
7.9103308e-03
1.0504210e-02
9.1345618e-03
3.7533029e-03
-4.0416149e-03
-1.1408581e-02
-1.5229050e-02
-1.3331708e-02
-5.5234311e-03
6.0085813e-03
1.7172813e-02
2.3272082e-02
2.0749461e-02
8.7906662e-03
-9.8277573e-03
-2.9053023e-02
-4.1071687e-02
-3.8645353e-02
-1.7563989e-02
2.1588769e-02
7.2997585e-02
1.2674999e-01
1.7129037e-01
1.9650246e-01
1.9650246e-01
1.7129037e-01
1.2674999e-01
7.2997585e-02
2.1588769e-02
-1.7563989e-02
-3.8645353e-02
-4.1071687e-02
-2.9053023e-02
-9.8277573e-03
8.7906662e-03
2.0749461e-02
2.3272082e-02
1.7172813e-02
6.0085813e-03
-5.5234311e-03
-1.3331708e-02
-1.5229050e-02
-1.1408581e-02
-4.0416149e-03
3.7533029e-03
9.1345618e-03
1.0504210e-02
7.9103308e-03
2.8135101e-03
-2.6203310e-03
-6.3892105e-03
-7.3544169e-03
-5.5391979e-03
-1.9689647e-03
1.8313687e-03
4.4566584e-03
5.1166001e-03
3.8414348e-03
1.3603542e-03
-1.2598585e-03
-3.0511310e-03
-3.4843436e-03
-2.6008307e-03
-9.1527175e-04
8.4199593e-04
2.0247079e-03
2.2949551e-03
1.6997101e-03
5.9334218e-04
-5.4134335e-04
-1.2908933e-03
-1.4510404e-03
-1.0659592e-03
-3.6923742e-04
3.3450217e-04
7.9283142e-04
8.8707084e-04
6.4992072e-04
2.2511101e-04
-2.0460691e-04
-4.8861699e-04
-5.5368454e-04
-4.1338790e-04
-1.4694847e-04
1.3815155e-04
3.4406089e-04
4.0989398e-04
3.2410870e-04
